0 0.344271 0.132407 0.246875 0.250000
0 0.515365 0.120833 0.129688 0.241667
0 0.613802 0.153704 0.155729 0.292593
0 0.065885 0.441204 0.127604 0.300926
4 0.251823 0.292593 0.127604 0.183333
0 0.287760 0.462500 0.114062 0.308333
3 0.193229 0.809259 0.103125 0.364815
0 0.236458 0.758333 0.116667 0.353704
0 0.341927 0.808796 0.172396 0.156481
3 0.471094 0.752315 0.248438 0.226852
0 0.430208 0.916204 0.260417 0.156481
3 0.583073 0.483796 0.114062 0.163889
0 0.487240 0.478704 0.110937 0.250000
0 0.725260 0.393519 0.091146 0.325926
0 0.711719 0.593056 0.169271 0.132407
1 0.688281 0.733333 0.233854 0.212963
0 0.711198 0.924537 0.172396 0.130556
0 0.834635 0.482870 0.090104 0.336111
0 0.860677 0.787963 0.091146 0.357407
0 0.915104 0.107870 0.165625 0.191667
0 0.925000 0.233796 0.140625 0.232407
3 0.944010 0.373148 0.108854 0.172222
