4 0.073438 0.209259 0.083333 0.105556
0 0.097917 0.326389 0.184375 0.308333
4 0.244271 0.268056 0.119792 0.204630
0 0.349479 0.371759 0.101042 0.236111
0 0.108854 0.870833 0.184375 0.191667
1 0.169271 0.813426 0.202083 0.310185
4 0.247917 0.680556 0.177083 0.322222
0 0.262500 0.834259 0.158333 0.281481
4 0.480469 0.462963 0.130729 0.183333
0 0.487500 0.569907 0.206250 0.195370
0 0.453125 0.694444 0.205208 0.181481
0 0.346615 0.837037 0.188021 0.187037
0 0.510417 0.859722 0.198958 0.226852
0 0.378385 0.924537 0.207813 0.126852
0 0.617448 0.354167 0.272396 0.200926
0 0.651563 0.176852 0.203125 0.174074
0 0.757031 0.214352 0.127604 0.158333
0 0.819531 0.440278 0.092188 0.162037
1 0.615625 0.755093 0.181250 0.267593
0 0.650781 0.895833 0.134896 0.154630
4 0.717448 0.870370 0.115104 0.218519
0 0.802344 0.637037 0.209896 0.150000
0 0.811719 0.873148 0.133854 0.172222
0 0.883073 0.409722 0.147396 0.312037
0 0.907031 0.350000 0.111979 0.361111
0 0.918490 0.606481 0.154688 0.174074
0 0.919792 0.824074 0.157292 0.172222
